eval_loss = 0.00036046801482299783
f1_score = 0.9992694508705711
precision = 0.9992694508705711
recall = 0.9992694508705711
